,ADES FRUTAL FAMILIAR,ADES FRUTAL INDIVIDUAL,ADES LÁCTEO FAMILIAR,ADES LÁCTEO INDIVIDUAL,CAFÉ BLAK INDIVIDUAL,CIEL AGUA PURIFICADA FAMILIAR,CIEL AGUA PURIFICADA INDIVIDUAL,CIEL EXPRIM INDIVIDUAL,CIEL MINERALIZADA FAMILIAR,CIEL MINERALIZADA INDIVIDUAL,CIEL MINI INDIVIDUAL,COCA-COLA CAFÉ INDIVIDUAL,COCA-COLA ENERGY INDIVIDUAL,COCA-COLA FAMILIAR,COCA-COLA INDIVIDUAL,COCA-COLA LIGHT FAMILIAR,COCA-COLA LIGHT INDIVIDUAL,COCA-COLA LIGHT SIN CAFEINA INDIVIDUAL,COCA-COLA SIN AZÚCAR FAMILIAR,COCA-COLA SIN AZÚCAR INDIVIDUAL,DEL VALLE FAMILIAR,DEL VALLE INDIVIDUAL,DEL VALLE RESERVA FAMILIAR,DEL VALLE RESERVA INDIVIDUAL,DEL VALLE Y NADA FAMILIAR,DEL VALLE Y NADA INDIVIDUAL,DELAWARE PUNCH INDIVIDUAL,FANTA FAMILIAR,FANTA INDIVIDUAL,FRESCA FAMILIAR,FRESCA INDIVIDUAL,FRUTSI INDIVIDUAL,FUZE TEA INDIVIDUAL,GLACÉAU INDIVIDUAL,ISOLITE INDIVIDUAL,JOYA FAMILIAR,JOYA INDIVIDUAL,MANZANA LIFT FAMILIAR,MANZANA LIFT INDIVIDUAL,MIXTOS FAMILIAR,MIXTOS INDIVIDUAL,MONSTER ENERGY INDIVIDUAL,POWERADE INDIVIDUAL,PULPY INDIVIDUAL,SANTA CLARA DESLACTOSADA FAMILIAR,SANTA CLARA DESLACTOSADA LIGHT FAMILIAR,SANTA CLARA ENTERA FAMILIAR,SANTA CLARA LIGHT FAMILIAR,SANTA CLARA SABORIZADA FAMILIAR,SANTA CLARA SABORIZADA INDIVIDUAL,SANTA CLARA SEMIDESCREMADA FAMILIAR,SENZAO INDIVIDUAL,SIDRAL MUNDET FAMILIAR,SIDRAL MUNDET INDIVIDUAL,SIERRAZUL AGUA PURIFICADA FAMILIAR,SPRITE FAMILIAR,SPRITE INDIVIDUAL,SPRITE SIN AZÚCAR FAMILIAR,SPRITE SIN AZÚCAR INDIVIDUAL,TOPO CHICO A.M. FAMILIAR,TOPO CHICO A.M. INDIVIDUAL,TOPO CHICO INDIVIDUAL,TOPO CHICO SANGRIA LIGHT INDIVIDUAL,TOPO CHICO SANGRÍA FAMILIAR,TOPO CHICO SANGRÍA INDIVIDUAL,VALLE FRUT FAMILIAR,VALLE FRUT INDIVIDUAL
ADES FRUTAL FAMILIAR,0,4,12,0,0,17,28,15,0,2,2,3,4,26,23,22,28,0,22,29,18,24,18,4,26,25,8,28,27,28,27,14,25,8,8,11,11,0,0,5,9,32,41,22,8,6,13,5,0,13,0,3,24,23,3,23,29,0,8,33,35,0,0,7,26,31,28
ADES FRUTAL INDIVIDUAL,4,0,15,0,0,29,40,28,0,1,2,5,3,49,47,45,60,0,22,51,13,49,13,2,13,31,9,18,42,37,41,20,35,11,4,7,11,0,0,14,24,54,41,14,5,6,11,7,0,16,0,1,24,31,3,31,60,0,5,39,51,0,1,3,34,42,39
ADES LÁCTEO FAMILIAR,12,15,0,0,0,17,27,18,0,1,1,4,6,21,23,21,29,1,19,21,18,23,29,1,16,24,4,26,28,25,33,16,25,11,3,8,11,0,0,3,5,19,23,20,13,14,20,12,0,22,0,2,17,20,0,24,28,0,12,32,32,0,0,10,29,25,27
ADES LÁCTEO INDIVIDUAL,0,0,0,0,0,0,1,0,0,0,0,0,0,1,1,0,0,0,0,0,0,0,0,0,0,0,0,0,0,1,1,0,0,0,0,0,0,0,0,1,1,1,1,1,0,0,0,0,0,0,0,0,0,1,0,1,0,0,0,1,1,0,0,0,0,1,1
CAFÉ BLAK INDIVIDUAL,0,0,0,0,0,0,0,0,0,0,0,0,0,0,0,0,0,0,0,0,0,0,0,0,0,0,0,0,0,0,0,0,0,0,0,0,0,0,0,0,0,0,0,0,0,0,0,0,0,0,0,0,0,0,0,0,0,0,0,0,0,0,0,0,0,0,0
CIEL AGUA PURIFICADA FAMILIAR,17,29,17,0,0,0,797,922,111,106,5,597,367,912,922,1100,1173,383,1022,1156,72,129,92,4,348,1220,337,950,1194,990,1169,86,124,58,24,577,851,46,9,28,101,105,127,81,54,20,58,33,0,58,0,85,666,1141,52,1012,1207,28,502,1015,1123,0,594,168,980,864,886
CIEL AGUA PURIFICADA INDIVIDUAL,28,40,27,1,0,797,0,1141,109,102,13,657,403,1000,1011,1224,1362,261,1121,1311,63,217,89,5,423,1333,359,1226,1443,1021,1267,120,219,80,32,439,696,51,3,81,186,156,227,112,49,30,68,33,1,70,1,118,906,1292,140,1125,1427,17,484,1204,1302,0,371,350,1065,981,1088
CIEL EXPRIM INDIVIDUAL,15,28,18,0,0,922,1141,0,130,122,13,681,393,1065,1065,1230,1403,271,1131,1313,59,201,86,5,468,1365,394,1299,1427,1074,1302,120,195,40,26,505,764,54,3,74,175,143,189,135,56,26,66,38,0,57,0,108,945,1288,121,1200,1364,21,550,1251,1284,0,382,370,1002,1001,1029
CIEL MINERALIZADA FAMILIAR,0,0,0,0,0,111,109,130,0,53,2,107,75,77,85,114,120,3,97,104,11,18,6,3,76,159,106,149,157,117,151,19,16,13,0,8,62,0,0,3,5,22,12,18,14,0,11,5,0,11,0,38,122,167,0,121,134,12,78,105,115,0,0,0,0,105,80
CIEL MINERALIZADA INDIVIDUAL,2,1,1,0,0,106,102,122,53,0,1,93,45,102,90,139,132,8,131,143,6,12,8,2,59,131,75,123,139,104,129,7,12,5,0,8,91,0,0,4,3,11,10,7,5,1,9,2,1,3,0,40,119,154,1,114,122,22,48,103,98,0,0,0,0,103,83
CIEL MINI INDIVIDUAL,2,2,1,0,0,5,13,13,2,1,0,2,0,23,32,18,34,2,16,30,5,27,8,4,3,7,3,22,16,23,21,10,30,7,1,9,16,0,0,26,28,23,32,25,2,1,4,2,0,3,0,0,19,10,2,12,23,0,3,25,31,0,1,6,19,28,38
COCA-COLA CAFÉ INDIVIDUAL,3,5,4,0,0,597,657,681,107,93,2,0,280,714,675,740,770,177,735,749,28,38,36,3,293,792,304,768,838,745,843,34,31,18,19,266,488,30,0,5,33,42,40,29,20,10,19,13,1,21,0,73,596,829,35,762,792,9,366,708,825,0,268,172,613,575,579
COCA-COLA ENERGY INDIVIDUAL,4,3,6,0,0,367,403,393,75,45,0,280,0,422,411,470,476,86,435,435,18,12,15,1,191,481,185,437,461,454,481,15,13,1,7,167,275,1,1,1,24,19,18,10,6,6,9,5,0,5,0,28,348,475,39,471,469,9,228,428,515,0,140,46,330,332,359
COCA-COLA FAMILIAR,26,49,21,1,0,912,1000,1065,77,102,23,714,422,0,682,912,1206,311,698,1140,45,457,88,8,310,1256,330,850,1404,651,1054,212,341,63,22,389,733,35,17,248,376,269,428,218,48,26,74,34,4,102,0,84,660,1210,114,716,1311,16,519,872,1132,8,432,259,1122,880,1203
COCA-COLA INDIVIDUAL,23,47,23,1,0,922,1011,1065,85,90,32,675,411,682,0,1066,1204,285,843,1152,66,472,86,12,356,1279,329,1005,1394,764,1076,234,376,66,20,444,615,27,13,264,374,275,483,249,53,25,86,42,0,95,0,91,779,1166,122,846,1235,16,460,972,1161,7,410,272,1168,989,1186
COCA-COLA LIGHT FAMILIAR,22,45,21,0,0,1100,1224,1230,114,139,18,740,470,912,1066,0,1366,344,1016,1326,78,286,106,9,453,1515,366,1215,1588,1124,1404,164,280,75,25,506,808,45,19,122,218,230,275,184,54,26,82,34,0,80,0,112,981,1454,112,1177,1563,25,573,1271,1371,2,508,344,1336,1107,1280
COCA-COLA LIGHT INDIVIDUAL,28,60,29,0,0,1173,1362,1403,120,132,34,770,476,1206,1204,1366,0,289,1204,1311,73,510,118,12,456,1579,403,1375,1691,1239,1543,252,477,105,28,558,903,42,16,300,425,341,511,286,64,26,102,38,0,107,1,123,1051,1504,158,1310,1649,21,582,1490,1630,9,448,376,1432,1289,1492
COCA-COLA LIGHT SIN CAFEINA INDIVIDUAL,0,0,1,0,0,383,261,271,3,8,2,177,86,311,285,344,289,0,328,312,1,5,1,0,22,406,8,318,421,356,378,4,8,5,0,366,353,39,8,2,20,4,8,3,1,1,2,2,0,1,0,9,93,354,39,355,384,0,193,290,340,0,379,75,490,283,359
COCA-COLA SIN AZÚCAR FAMILIAR,22,22,19,0,0,1022,1121,1131,97,131,16,735,435,698,843,1016,1204,328,0,1116,42,148,68,10,413,1479,329,1176,1516,973,1229,102,159,30,23,459,798,31,15,69,157,123,142,116,36,31,64,37,1,52,0,95,840,1288,121,1008,1358,26,547,1116,1167,2,488,344,1171,960,1135
COCA-COLA SIN AZÚCAR INDIVIDUAL,29,51,21,0,0,1156,1311,1313,104,143,30,749,435,1140,1152,1326,1311,312,1116,0,77,463,131,16,444,1567,413,1341,1777,1213,1492,233,393,96,30,611,851,45,20,278,362,309,487,246,77,28,104,43,2,123,0,120,996,1460,164,1263,1655,20,624,1419,1605,5,498,394,1358,1251,1440
DEL VALLE FAMILIAR,18,13,18,0,0,72,63,59,11,6,5,28,18,45,66,78,73,1,42,77,0,76,70,4,61,75,33,84,83,56,72,80,86,29,20,39,30,0,0,16,15,80,55,69,51,27,68,32,0,50,0,3,84,82,3,66,88,0,23,71,68,0,2,10,67,78,83
DEL VALLE INDIVIDUAL,24,49,23,0,0,129,217,201,18,12,27,38,12,457,472,286,510,5,148,463,76,0,117,12,77,159,64,225,352,312,378,226,358,64,23,125,178,1,7,291,318,316,444,230,65,20,95,42,2,82,1,28,186,224,40,272,400,0,58,371,539,6,13,40,289,308,365
DEL VALLE RESERVA FAMILIAR,18,13,29,0,0,92,89,86,6,8,8,36,15,88,86,106,118,1,68,131,70,117,0,14,69,102,48,117,119,112,123,88,114,35,24,37,36,0,0,20,31,121,103,74,61,27,68,30,0,71,0,3,96,112,12,113,142,0,55,100,122,0,0,11,80,121,109
DEL VALLE RESERVA INDIVIDUAL,4,2,1,0,0,4,5,5,3,2,4,3,1,8,12,9,12,0,10,16,4,12,14,0,3,10,7,8,14,15,21,12,9,3,0,0,1,0,0,1,10,16,13,7,7,0,5,2,0,12,0,3,11,14,2,15,15,0,3,12,19,0,1,2,9,12,7
DEL VALLE Y NADA FAMILIAR,26,13,16,0,0,348,423,468,76,59,3,293,191,310,356,453,456,22,413,444,61,77,69,3,0,503,207,513,502,380,482,76,83,31,15,137,212,7,0,7,23,65,49,66,52,26,74,30,1,65,0,43,454,487,12,412,522,28,205,447,447,0,66,143,277,343,391
DEL VALLE Y NADA INDIVIDUAL,25,31,24,0,0,1220,1333,1365,159,131,7,792,481,1256,1279,1515,1579,406,1479,1567,75,159,102,10,503,0,419,1510,1704,1298,1515,117,185,75,19,708,918,64,8,54,169,148,175,143,62,32,80,37,0,74,0,113,1059,1548,131,1503,1637,27,639,1501,1613,1,588,403,1287,1164,1234
DELAWARE PUNCH INDIVIDUAL,8,9,4,0,0,337,359,394,106,75,3,304,185,330,329,366,403,8,329,413,33,64,48,7,207,419,0,387,353,362,402,36,61,35,0,7,160,0,0,13,22,56,54,43,27,2,34,16,0,38,0,106,380,409,4,361,364,0,235,373,409,0,1,4,15,204,250
FANTA FAMILIAR,28,18,26,0,0,950,1226,1299,149,123,22,768,437,850,1005,1215,1375,318,1176,1341,84,225,117,8,513,1510,387,0,1456,950,1356,147,203,60,17,426,785,40,10,66,186,183,218,137,58,17,80,36,0,82,0,108,864,1415,127,1019,1453,22,588,1235,1301,0,469,345,1127,1033,1164
FANTA INDIVIDUAL,27,42,28,0,0,1194,1443,1427,157,139,16,838,461,1404,1394,1588,1691,421,1516,1777,83,352,119,14,502,1704,353,1456,0,1437,1527,206,337,73,27,703,839,74,18,129,244,307,348,210,67,30,97,38,1,99,0,116,1162,1468,150,1471,1564,19,589,1632,1836,1,557,396,1349,1280,1347
FRESCA FAMILIAR,28,37,25,1,0,990,1021,1074,117,104,23,745,454,651,764,1124,1239,356,973,1213,56,312,112,15,380,1298,362,950,1437,0,1133,148,291,72,11,481,761,23,22,190,287,222,290,202,56,23,76,31,1,73,0,101,787,1274,121,754,1336,17,505,963,1077,4,437,297,1106,984,1173
FRESCA INDIVIDUAL,27,41,33,1,0,1169,1267,1302,151,129,21,843,481,1054,1076,1404,1543,378,1229,1492,72,378,123,21,482,1515,402,1356,1527,1133,0,193,328,75,22,527,710,33,23,163,301,277,362,239,65,27,106,42,0,94,0,122,1032,1473,157,1177,1363,25,509,1329,1436,0,505,361,1227,1127,1347
FRUTSI INDIVIDUAL,14,20,16,0,0,86,120,120,19,7,10,34,15,212,234,164,252,4,102,233,80,226,88,12,76,117,36,147,206,148,193,0,183,34,29,102,116,1,3,102,155,169,243,140,58,26,72,39,1,60,0,15,117,138,24,180,179,0,59,213,265,1,7,25,163,203,207
FUZE TEA INDIVIDUAL,25,35,25,0,0,124,219,195,16,12,30,31,13,341,376,280,477,8,159,393,86,358,114,9,83,185,61,203,337,291,328,183,0,75,28,120,152,1,5,185,221,294,379,216,65,18,82,33,2,83,1,29,178,251,39,305,370,0,62,313,463,2,15,63,278,293,341
GLACÉAU INDIVIDUAL,8,11,11,0,0,58,80,40,13,5,7,18,1,63,66,75,105,5,30,96,29,64,35,3,31,75,35,60,73,72,75,34,75,0,5,4,13,0,0,13,24,81,58,51,20,7,32,14,0,30,0,5,54,80,7,65,87,0,17,78,86,0,2,17,67,63,69
ISOLITE INDIVIDUAL,8,4,3,0,0,24,32,26,0,0,1,19,7,22,20,25,28,0,23,30,20,23,24,0,15,19,0,17,27,11,22,29,28,5,0,26,21,0,0,1,7,28,25,29,14,17,22,16,0,21,0,2,37,29,2,9,25,0,22,21,25,0,0,4,28,25,32
JOYA FAMILIAR,11,7,8,0,0,577,439,505,8,8,9,266,167,389,444,506,558,366,459,611,39,125,37,0,137,708,7,426,703,481,527,102,120,4,26,0,560,47,18,116,166,91,167,109,26,15,28,17,0,22,0,5,209,568,84,406,635,0,269,478,495,5,500,133,783,456,611
JOYA INDIVIDUAL,11,11,11,0,0,851,696,764,62,91,16,488,275,733,615,808,903,353,798,851,30,178,36,1,212,918,160,785,839,761,710,116,152,13,21,560,0,51,9,110,193,101,165,119,22,11,34,17,0,28,0,78,436,797,99,781,810,0,426,770,864,2,509,158,965,653,819
MANZANA LIFT FAMILIAR,0,0,0,0,0,46,51,54,0,0,0,30,1,35,27,45,42,39,31,45,0,1,0,0,7,64,0,40,74,23,33,1,1,0,0,47,51,0,3,0,0,1,2,1,0,0,0,0,0,0,0,0,7,53,36,25,64,0,17,26,36,0,51,39,85,36,23
MANZANA LIFT INDIVIDUAL,0,0,0,0,0,9,3,3,0,0,0,0,1,17,13,19,16,8,15,20,0,7,0,0,0,8,0,10,18,22,23,3,5,0,0,18,9,3,0,3,2,1,10,4,1,0,0,0,0,0,0,0,3,6,5,17,12,0,4,13,19,0,7,5,21,6,10
MIXTOS FAMILIAR,5,14,3,1,0,28,81,74,3,4,26,5,1,248,264,122,300,2,69,278,16,291,20,1,7,54,13,66,129,190,163,102,185,13,1,116,110,0,3,0,268,183,282,130,3,3,24,5,0,22,0,5,41,77,6,125,154,0,3,225,291,6,6,25,165,185,229
MIXTOS INDIVIDUAL,9,24,5,1,0,101,186,175,5,3,28,33,24,376,374,218,425,20,157,362,15,318,31,10,23,169,22,186,244,287,301,155,221,24,7,166,193,0,2,268,0,214,353,154,14,2,32,6,0,35,0,11,117,158,12,219,295,0,71,282,429,6,41,47,264,281,304
MONSTER ENERGY INDIVIDUAL,32,54,19,1,0,105,156,143,22,11,23,42,19,269,275,230,341,4,123,309,80,316,121,16,65,148,56,183,307,222,277,169,294,81,28,91,101,1,1,183,214,0,279,197,60,29,89,43,1,93,0,22,162,196,36,234,303,0,34,262,379,2,7,46,217,235,273
POWERADE INDIVIDUAL,41,41,23,1,0,127,227,189,12,10,32,40,18,428,483,275,511,8,142,487,55,444,103,13,49,175,54,218,348,290,362,243,379,58,25,167,165,2,10,282,353,279,0,246,62,30,91,42,0,94,1,22,181,241,48,275,380,0,49,376,572,6,8,53,308,337,421
PULPY INDIVIDUAL,22,14,20,1,0,81,112,135,18,7,25,29,10,218,249,184,286,3,116,246,69,230,74,7,66,143,43,137,210,202,239,140,216,51,29,109,119,1,4,130,154,197,246,0,37,20,69,27,0,60,0,13,143,139,26,186,241,0,41,209,289,2,8,38,176,229,232
SANTA CLARA DESLACTOSADA FAMILIAR,8,5,13,0,0,54,49,56,14,5,2,20,6,48,53,54,64,1,36,77,51,65,61,7,52,62,27,58,67,56,65,58,65,20,14,26,22,0,1,3,14,60,62,37,0,12,29,14,1,30,1,4,52,66,1,65,78,0,21,50,64,0,3,12,52,56,49
SANTA CLARA DESLACTOSADA LIGHT FAMILIAR,6,6,14,0,0,20,30,26,0,1,1,10,6,26,25,26,26,1,31,28,27,20,27,0,26,32,2,17,30,23,27,26,18,7,17,15,11,0,0,3,2,29,30,20,12,0,13,13,0,6,0,1,23,23,0,27,23,0,16,27,22,0,1,7,29,20,25
SANTA CLARA ENTERA FAMILIAR,13,11,20,0,0,58,68,66,11,9,4,19,9,74,86,82,102,2,64,104,68,95,68,5,74,80,34,80,97,76,106,72,82,32,22,28,34,0,0,24,32,89,91,69,29,13,0,22,1,47,1,7,83,83,4,91,93,0,27,89,104,1,5,19,75,91,88
SANTA CLARA LIGHT FAMILIAR,5,7,12,0,0,33,33,38,5,2,2,13,5,34,42,34,38,2,37,43,32,42,30,2,30,37,16,36,38,31,42,39,33,14,16,17,17,0,0,5,6,43,42,27,14,13,22,0,0,18,1,0,39,42,1,34,48,0,15,40,42,0,3,4,37,34,26
SANTA CLARA SABORIZADA FAMILIAR,0,0,0,0,0,0,1,0,0,1,0,1,0,4,0,0,0,0,1,2,0,2,0,0,1,0,0,0,1,1,0,1,2,0,0,0,0,0,0,0,0,1,0,0,1,0,1,0,0,1,0,0,0,1,0,0,1,0,0,0,0,0,0,0,0,0,0
SANTA CLARA SABORIZADA INDIVIDUAL,13,16,22,0,0,58,70,57,11,3,3,21,5,102,95,80,107,1,52,123,50,82,71,12,65,74,38,82,99,73,94,60,83,30,21,22,28,0,0,22,35,93,94,60,30,6,47,18,1,0,0,10,79,82,8,96,122,0,23,78,107,0,3,12,71,85,85
SANTA CLARA SEMIDESCREMADA FAMILIAR,0,0,0,0,0,0,1,0,0,0,0,0,0,0,0,0,1,0,0,0,0,1,0,0,0,0,0,0,0,0,0,0,1,0,0,0,0,0,0,0,0,0,1,0,1,0,1,1,0,0,0,0,0,0,0,1,0,0,0,1,0,0,0,0,0,0,0
SENZAO INDIVIDUAL,3,1,2,0,0,85,118,108,38,40,0,73,28,84,91,112,123,9,95,120,3,28,3,3,43,113,106,108,116,101,122,15,29,5,2,5,78,0,0,5,11,22,22,13,4,1,7,0,0,10,0,0,106,125,0,101,119,0,86,113,122,0,0,0,0,71,81
SIDRAL MUNDET FAMILIAR,24,24,17,0,0,666,906,945,122,119,19,596,348,660,779,981,1051,93,840,996,84,186,96,11,454,1059,380,864,1162,787,1032,117,178,54,37,209,436,7,3,41,117,162,181,143,52,23,83,39,0,79,0,106,0,1028,87,824,1111,28,382,964,1054,1,145,317,677,838,859
SIDRAL MUNDET INDIVIDUAL,23,31,20,1,0,1141,1292,1288,167,154,10,829,475,1210,1166,1454,1504,354,1288,1460,82,224,112,14,487,1548,409,1415,1468,1274,1473,138,251,80,29,568,797,53,6,77,158,196,241,139,66,23,83,42,1,82,0,125,1028,0,122,1336,1490,16,546,1419,1566,0,512,369,1201,1168,1223
SIERRAZUL AGUA PURIFICADA FAMILIAR,3,3,0,0,0,52,140,121,0,1,2,35,39,114,122,112,158,39,121,164,3,40,12,2,12,131,4,127,150,121,157,24,39,7,2,84,99,36,5,6,12,36,48,26,1,0,4,1,0,8,0,0,87,122,0,126,136,0,39,131,138,0,70,52,166,148,123
SPRITE FAMILIAR,23,31,24,1,0,1012,1125,1200,121,114,12,762,471,716,846,1177,1310,355,1008,1263,66,272,113,15,412,1503,361,1019,1471,754,1177,180,305,65,9,406,781,25,17,125,219,234,275,186,65,27,91,34,0,96,1,101,824,1336,126,0,1345,16,490,1056,1111,1,496,300,1087,977,1183
SPRITE INDIVIDUAL,29,60,28,0,0,1207,1427,1364,134,122,23,792,469,1311,1235,1563,1649,384,1358,1655,88,400,142,15,522,1637,364,1453,1564,1336,1363,179,370,87,25,635,810,64,12,154,295,303,380,241,78,23,93,48,1,122,0,119,1111,1490,136,1345,0,18,558,1560,1727,2,520,404,1335,1292,1407
SPRITE SIN AZÚCAR FAMILIAR,0,0,0,0,0,28,17,21,12,22,0,9,9,16,16,25,21,0,26,20,0,0,0,0,28,27,0,22,19,17,25,0,0,0,0,0,0,0,0,0,0,0,0,0,0,0,0,0,0,0,0,0,28,16,0,16,18,0,0,21,16,0,0,0,0,21,12
SPRITE SIN AZÚCAR INDIVIDUAL,8,5,12,0,0,502,484,550,78,48,3,366,228,519,460,573,582,193,547,624,23,58,55,3,205,639,235,588,589,505,509,59,62,17,22,269,426,17,4,3,71,34,49,41,21,16,27,15,0,23,0,86,382,546,39,490,558,0,0,511,609,0,217,61,427,418,460
TOPO CHICO A.M. FAMILIAR,33,39,32,1,0,1015,1204,1251,105,103,25,708,428,872,972,1271,1490,290,1116,1419,71,371,100,12,447,1501,373,1235,1632,963,1329,213,313,78,21,478,770,26,13,225,282,262,376,209,50,27,89,40,0,78,1,113,964,1419,131,1056,1560,21,511,0,947,5,409,371,1355,1155,1311
TOPO CHICO A.M. INDIVIDUAL,35,51,32,1,0,1123,1302,1284,115,98,31,825,515,1132,1161,1371,1630,340,1167,1605,68,539,122,19,447,1613,409,1301,1836,1077,1436,265,463,86,25,495,864,36,19,291,429,379,572,289,64,22,104,42,0,107,0,122,1054,1566,138,1111,1727,16,609,947,0,8,465,317,1311,1204,1489
TOPO CHICO INDIVIDUAL,0,0,0,0,0,0,0,0,0,0,0,0,0,8,7,2,9,0,2,5,0,6,0,0,0,1,0,0,1,4,0,1,2,0,0,5,2,0,0,6,6,2,6,2,0,0,1,0,0,0,0,0,1,0,0,1,2,0,0,5,8,0,0,0,5,5,7
TOPO CHICO SANGRIA LIGHT INDIVIDUAL,0,1,0,0,0,594,371,382,0,0,1,268,140,432,410,508,448,379,488,498,2,13,0,1,66,588,1,469,557,437,505,7,15,2,0,500,509,51,7,6,41,7,8,8,3,1,5,3,0,3,0,0,145,512,70,496,520,0,217,409,465,0,0,117,474,380,447
TOPO CHICO SANGRÍA FAMILIAR,7,3,10,0,0,168,350,370,0,0,6,172,46,259,272,344,376,75,344,394,10,40,11,2,143,403,4,345,396,297,361,25,63,17,4,133,158,39,5,25,47,46,53,38,12,7,19,4,0,12,0,0,317,369,52,300,404,0,61,371,317,0,117,0,479,380,347
TOPO CHICO SANGRÍA INDIVIDUAL,26,34,29,0,0,980,1065,1002,0,0,19,613,330,1122,1168,1336,1432,490,1171,1358,67,289,80,9,277,1287,15,1127,1349,1106,1227,163,278,67,28,783,965,85,21,165,264,217,308,176,52,29,75,37,0,71,0,0,677,1201,166,1087,1335,0,427,1355,1311,5,474,479,0,1053,1199
VALLE FRUT FAMILIAR,31,42,25,1,0,864,981,1001,105,103,28,575,332,880,989,1107,1289,283,960,1251,78,308,121,12,343,1164,204,1033,1280,984,1127,203,293,63,25,456,653,36,6,185,281,235,337,229,56,20,91,34,0,85,0,71,838,1168,148,977,1292,21,418,1155,1204,5,380,380,1053,0,999
VALLE FRUT INDIVIDUAL,28,39,27,1,0,886,1088,1029,80,83,38,579,359,1203,1186,1280,1492,359,1135,1440,83,365,109,7,391,1234,250,1164,1347,1173,1347,207,341,69,32,611,819,23,10,229,304,273,421,232,49,25,88,26,0,85,0,81,859,1223,123,1183,1407,12,460,1311,1489,7,447,347,1199,999,0
